------------
[1, 21, 12, 8, 13]
[15, 22, 9, 7, 10]
[14, 11, 20, 2, 4]
[23, 0, 3, 17, 5]
[6, 24, 18, 16, 19]
------------
------------
[1, 21, 12, 8, 13]
[15, 22, 9, 7, 10]
[14, 0, 20, 2, 4]
[23, 11, 3, 17, 5]
[6, 24, 18, 16, 19]
------------
------------
[1, 21, 12, 8, 13]
[15, 22, 9, 7, 10]
[14, 11, 20, 2, 4]
[23, 24, 3, 17, 5]
[6, 0, 18, 16, 19]
------------
------------
[1, 21, 12, 8, 13]
[15, 22, 9, 7, 10]
[14, 11, 20, 2, 4]
[0, 23, 3, 17, 5]
[6, 24, 18, 16, 19]
------------
------------
[1, 21, 12, 8, 13]
[15, 22, 9, 7, 10]
[14, 11, 20, 2, 4]
[23, 3, 0, 17, 5]
[6, 24, 18, 16, 19]
------------
------------
[1, 21, 12, 8, 13]
[15, 0, 9, 7, 10]
[14, 22, 20, 2, 4]
[23, 11, 3, 17, 5]
[6, 24, 18, 16, 19]
------------
------------
[1, 21, 12, 8, 13]
[15, 22, 9, 7, 10]
[0, 14, 20, 2, 4]
[23, 11, 3, 17, 5]
[6, 24, 18, 16, 19]
------------
------------
[1, 21, 12, 8, 13]
[15, 22, 9, 7, 10]
[14, 20, 0, 2, 4]
[23, 11, 3, 17, 5]
[6, 24, 18, 16, 19]
------------
------------
[1, 21, 12, 8, 13]
[15, 22, 9, 7, 10]
[14, 11, 20, 2, 4]
[23, 24, 3, 17, 5]
[0, 6, 18, 16, 19]
------------
------------
[1, 21, 12, 8, 13]
[15, 22, 9, 7, 10]
[14, 11, 20, 2, 4]
[23, 24, 3, 17, 5]
[6, 18, 0, 16, 19]
------------
------------
[1, 21, 12, 8, 13]
[15, 22, 9, 7, 10]
[0, 11, 20, 2, 4]
[14, 23, 3, 17, 5]
[6, 24, 18, 16, 19]
------------
------------
[1, 21, 12, 8, 13]
[15, 22, 9, 7, 10]
[14, 11, 20, 2, 4]
[6, 23, 3, 17, 5]
[0, 24, 18, 16, 19]
------------
------------
[1, 21, 12, 8, 13]
[15, 22, 9, 7, 10]
[14, 11, 0, 2, 4]
[23, 3, 20, 17, 5]
[6, 24, 18, 16, 19]
------------
------------
[1, 21, 12, 8, 13]
[15, 22, 9, 7, 10]
[14, 11, 20, 2, 4]
[23, 3, 18, 17, 5]
[6, 24, 0, 16, 19]
------------
------------
[1, 21, 12, 8, 13]
[15, 22, 9, 7, 10]
[14, 11, 20, 2, 4]
[23, 3, 17, 0, 5]
[6, 24, 18, 16, 19]
------------
------------
[1, 0, 12, 8, 13]
[15, 21, 9, 7, 10]
[14, 22, 20, 2, 4]
[23, 11, 3, 17, 5]
[6, 24, 18, 16, 19]
------------
------------
[1, 21, 12, 8, 13]
[15, 22, 9, 7, 10]
[14, 0, 20, 2, 4]
[23, 11, 3, 17, 5]
[6, 24, 18, 16, 19]
------------
------------
[1, 21, 12, 8, 13]
[0, 15, 9, 7, 10]
[14, 22, 20, 2, 4]
[23, 11, 3, 17, 5]
[6, 24, 18, 16, 19]
------------
------------
[1, 21, 12, 8, 13]
[15, 9, 0, 7, 10]
[14, 22, 20, 2, 4]
[23, 11, 3, 17, 5]
[6, 24, 18, 16, 19]
------------
------------
[1, 21, 12, 8, 13]
[0, 22, 9, 7, 10]
[15, 14, 20, 2, 4]
[23, 11, 3, 17, 5]
[6, 24, 18, 16, 19]
------------
------------
[1, 21, 12, 8, 13]
[15, 22, 9, 7, 10]
[23, 14, 20, 2, 4]
[0, 11, 3, 17, 5]
[6, 24, 18, 16, 19]
------------
------------
[1, 21, 12, 8, 13]
[15, 22, 0, 7, 10]
[14, 20, 9, 2, 4]
[23, 11, 3, 17, 5]
[6, 24, 18, 16, 19]
------------
------------
[1, 21, 12, 8, 13]
[15, 22, 9, 7, 10]
[14, 20, 3, 2, 4]
[23, 11, 0, 17, 5]
[6, 24, 18, 16, 19]
------------
------------
[1, 21, 12, 8, 13]
[15, 22, 9, 7, 10]
[14, 20, 2, 0, 4]
[23, 11, 3, 17, 5]
[6, 24, 18, 16, 19]
------------
------------
[1, 21, 12, 8, 13]
[15, 22, 9, 7, 10]
[14, 11, 20, 2, 4]
[0, 24, 3, 17, 5]
[23, 6, 18, 16, 19]
------------
------------
[1, 21, 12, 8, 13]
[15, 22, 9, 7, 10]
[14, 11, 20, 2, 4]
[23, 24, 3, 17, 5]
[6, 0, 18, 16, 19]
------------
------------
[1, 21, 12, 8, 13]
[15, 22, 9, 7, 10]
[14, 11, 20, 2, 4]
[23, 24, 0, 17, 5]
[6, 18, 3, 16, 19]
------------
------------
[1, 21, 12, 8, 13]
[15, 22, 9, 7, 10]
[14, 11, 20, 2, 4]
[23, 24, 3, 17, 5]
[6, 18, 16, 0, 19]
------------
------------
[1, 21, 12, 8, 13]
[0, 22, 9, 7, 10]
[15, 11, 20, 2, 4]
[14, 23, 3, 17, 5]
[6, 24, 18, 16, 19]
------------
------------
[1, 21, 12, 8, 13]
[15, 22, 9, 7, 10]
[14, 11, 20, 2, 4]
[0, 23, 3, 17, 5]
[6, 24, 18, 16, 19]
------------
------------
[1, 21, 12, 8, 13]
[15, 22, 9, 7, 10]
[11, 0, 20, 2, 4]
[14, 23, 3, 17, 5]
[6, 24, 18, 16, 19]
------------
------------
[1, 21, 12, 8, 13]
[15, 22, 9, 7, 10]
[14, 11, 20, 2, 4]
[6, 23, 3, 17, 5]
[24, 0, 18, 16, 19]
------------
------------
[1, 21, 12, 8, 13]
[15, 22, 0, 7, 10]
[14, 11, 9, 2, 4]
[23, 3, 20, 17, 5]
[6, 24, 18, 16, 19]
------------
------------
[1, 21, 12, 8, 13]
[15, 22, 9, 7, 10]
[14, 11, 20, 2, 4]
[23, 3, 0, 17, 5]
[6, 24, 18, 16, 19]
------------
------------
[1, 21, 12, 8, 13]
[15, 22, 9, 7, 10]
[14, 0, 11, 2, 4]
[23, 3, 20, 17, 5]
[6, 24, 18, 16, 19]
------------
------------
[1, 21, 12, 8, 13]
[15, 22, 9, 7, 10]
[14, 11, 2, 0, 4]
[23, 3, 20, 17, 5]
[6, 24, 18, 16, 19]
------------
------------
[1, 21, 12, 8, 13]
[15, 22, 9, 7, 10]
[14, 11, 20, 2, 4]
[23, 3, 18, 17, 5]
[6, 0, 24, 16, 19]
------------
------------
[1, 21, 12, 8, 13]
[15, 22, 9, 7, 10]
[14, 11, 20, 2, 4]
[23, 3, 18, 17, 5]
[6, 24, 16, 0, 19]
------------
------------
[1, 21, 12, 8, 13]
[15, 22, 9, 7, 10]
[14, 11, 20, 0, 4]
[23, 3, 17, 2, 5]
[6, 24, 18, 16, 19]
------------
------------
[1, 21, 12, 8, 13]
[15, 22, 9, 7, 10]
[14, 11, 20, 2, 4]
[23, 3, 17, 16, 5]
[6, 24, 18, 0, 19]
------------
------------
[1, 21, 12, 8, 13]
[15, 22, 9, 7, 10]
[14, 11, 20, 2, 4]
[23, 3, 17, 5, 0]
[6, 24, 18, 16, 19]
------------
------------
[1, 21, 12, 8, 13]
[15, 0, 9, 7, 10]
[14, 22, 20, 2, 4]
[23, 11, 3, 17, 5]
[6, 24, 18, 16, 19]
------------
------------
[0, 1, 12, 8, 13]
[15, 21, 9, 7, 10]
[14, 22, 20, 2, 4]
[23, 11, 3, 17, 5]
[6, 24, 18, 16, 19]
------------
------------
[1, 12, 0, 8, 13]
[15, 21, 9, 7, 10]
[14, 22, 20, 2, 4]
[23, 11, 3, 17, 5]
[6, 24, 18, 16, 19]
------------
------------
[1, 21, 12, 8, 13]
[15, 22, 9, 7, 10]
[0, 14, 20, 2, 4]
[23, 11, 3, 17, 5]
[6, 24, 18, 16, 19]
------------
------------
[1, 21, 12, 8, 13]
[15, 22, 9, 7, 10]
[14, 20, 0, 2, 4]
[23, 11, 3, 17, 5]
[6, 24, 18, 16, 19]
------------
------------
[0, 21, 12, 8, 13]
[1, 15, 9, 7, 10]
[14, 22, 20, 2, 4]
[23, 11, 3, 17, 5]
[6, 24, 18, 16, 19]
------------
------------
[1, 21, 12, 8, 13]
[14, 15, 9, 7, 10]
[0, 22, 20, 2, 4]
[23, 11, 3, 17, 5]
[6, 24, 18, 16, 19]
------------
------------
[1, 21, 0, 8, 13]
[15, 9, 12, 7, 10]
[14, 22, 20, 2, 4]
[23, 11, 3, 17, 5]
[6, 24, 18, 16, 19]
------------
------------
[1, 21, 12, 8, 13]
[15, 9, 20, 7, 10]
[14, 22, 0, 2, 4]
[23, 11, 3, 17, 5]
[6, 24, 18, 16, 19]
------------
------------
[1, 21, 12, 8, 13]
[15, 9, 7, 0, 10]
[14, 22, 20, 2, 4]
[23, 11, 3, 17, 5]
[6, 24, 18, 16, 19]
------------
------------
[0, 21, 12, 8, 13]
[1, 22, 9, 7, 10]
[15, 14, 20, 2, 4]
[23, 11, 3, 17, 5]
[6, 24, 18, 16, 19]
------------
------------
[1, 21, 12, 8, 13]
[22, 0, 9, 7, 10]
[15, 14, 20, 2, 4]
[23, 11, 3, 17, 5]
[6, 24, 18, 16, 19]
------------
------------
[1, 21, 12, 8, 13]
[15, 22, 9, 7, 10]
[23, 14, 20, 2, 4]
[6, 11, 3, 17, 5]
[0, 24, 18, 16, 19]
------------
------------
[1, 21, 12, 8, 13]
[15, 22, 9, 7, 10]
[23, 14, 20, 2, 4]
[11, 0, 3, 17, 5]
[6, 24, 18, 16, 19]
------------
------------
[1, 21, 0, 8, 13]
[15, 22, 12, 7, 10]
[14, 20, 9, 2, 4]
[23, 11, 3, 17, 5]
[6, 24, 18, 16, 19]
------------
------------
[1, 21, 12, 8, 13]
[15, 0, 22, 7, 10]
[14, 20, 9, 2, 4]
[23, 11, 3, 17, 5]
[6, 24, 18, 16, 19]
------------
------------
[1, 21, 12, 8, 13]
[15, 22, 7, 0, 10]
[14, 20, 9, 2, 4]
[23, 11, 3, 17, 5]
[6, 24, 18, 16, 19]
------------
------------
[1, 21, 12, 8, 13]
[15, 22, 9, 7, 10]
[14, 20, 3, 2, 4]
[23, 11, 18, 17, 5]
[6, 24, 0, 16, 19]
------------
------------
[1, 21, 12, 8, 13]
[15, 22, 9, 7, 10]
[14, 20, 3, 2, 4]
[23, 0, 11, 17, 5]
[6, 24, 18, 16, 19]
------------
------------
[1, 21, 12, 8, 13]
[15, 22, 9, 7, 10]
[14, 20, 3, 2, 4]
[23, 11, 17, 0, 5]
[6, 24, 18, 16, 19]
------------
------------
[1, 21, 12, 8, 13]
[15, 22, 9, 0, 10]
[14, 20, 2, 7, 4]
[23, 11, 3, 17, 5]
[6, 24, 18, 16, 19]
------------
------------
[1, 21, 12, 8, 13]
[15, 22, 9, 7, 10]
[14, 20, 2, 17, 4]
[23, 11, 3, 0, 5]
[6, 24, 18, 16, 19]
------------
------------
[1, 21, 12, 8, 13]
[15, 22, 9, 7, 10]
[14, 20, 2, 4, 0]
[23, 11, 3, 17, 5]
[6, 24, 18, 16, 19]
------------
------------
[1, 21, 12, 8, 13]
[15, 22, 9, 7, 10]
[0, 11, 20, 2, 4]
[14, 24, 3, 17, 5]
[23, 6, 18, 16, 19]
------------
------------
[1, 21, 12, 8, 13]
[15, 22, 9, 7, 10]
[14, 11, 20, 2, 4]
[23, 24, 3, 17, 5]
[0, 6, 18, 16, 19]
------------
------------
[1, 21, 12, 8, 13]
[15, 22, 9, 7, 10]
[14, 11, 20, 2, 4]
[24, 0, 3, 17, 5]
[23, 6, 18, 16, 19]
------------
------------
[1, 21, 12, 8, 13]
[15, 22, 9, 7, 10]
[14, 11, 20, 2, 4]
[23, 24, 3, 17, 5]
[6, 18, 0, 16, 19]
------------
------------
[1, 21, 12, 8, 13]
[15, 22, 9, 7, 10]
[14, 11, 0, 2, 4]
[23, 24, 20, 17, 5]
[6, 18, 3, 16, 19]
------------
------------
[1, 21, 12, 8, 13]
[15, 22, 9, 7, 10]
[14, 11, 20, 2, 4]
[23, 0, 24, 17, 5]
[6, 18, 3, 16, 19]
------------
------------
[1, 21, 12, 8, 13]
[15, 22, 9, 7, 10]
[14, 11, 20, 2, 4]
[23, 24, 17, 0, 5]
[6, 18, 3, 16, 19]
------------
------------
[1, 21, 12, 8, 13]
[15, 22, 9, 7, 10]
[14, 11, 20, 2, 4]
[23, 24, 3, 0, 5]
[6, 18, 16, 17, 19]
------------
------------
[1, 21, 12, 8, 13]
[15, 22, 9, 7, 10]
[14, 11, 20, 2, 4]
[23, 24, 3, 17, 5]
[6, 18, 16, 19, 0]
------------
------------
[0, 21, 12, 8, 13]
[1, 22, 9, 7, 10]
[15, 11, 20, 2, 4]
[14, 23, 3, 17, 5]
[6, 24, 18, 16, 19]
------------
------------
[1, 21, 12, 8, 13]
[15, 22, 9, 7, 10]
[0, 11, 20, 2, 4]
[14, 23, 3, 17, 5]
[6, 24, 18, 16, 19]
------------
------------
[1, 21, 12, 8, 13]
[22, 0, 9, 7, 10]
[15, 11, 20, 2, 4]
[14, 23, 3, 17, 5]
[6, 24, 18, 16, 19]
------------
------------
[1, 21, 12, 8, 13]
[15, 22, 9, 7, 10]
[14, 11, 20, 2, 4]
[6, 23, 3, 17, 5]
[0, 24, 18, 16, 19]
------------
------------
[1, 21, 12, 8, 13]
[15, 0, 9, 7, 10]
[11, 22, 20, 2, 4]
[14, 23, 3, 17, 5]
[6, 24, 18, 16, 19]
------------
------------
[1, 21, 12, 8, 13]
[15, 22, 9, 7, 10]
[11, 23, 20, 2, 4]
[14, 0, 3, 17, 5]
[6, 24, 18, 16, 19]
------------
------------
[1, 21, 12, 8, 13]
[15, 22, 9, 7, 10]
[11, 20, 0, 2, 4]
[14, 23, 3, 17, 5]
[6, 24, 18, 16, 19]
------------
------------
[1, 21, 12, 8, 13]
[15, 22, 9, 7, 10]
[14, 11, 20, 2, 4]
[6, 0, 3, 17, 5]
[24, 23, 18, 16, 19]
------------
------------
[1, 21, 12, 8, 13]
[15, 22, 9, 7, 10]
[14, 11, 20, 2, 4]
[6, 23, 3, 17, 5]
[24, 18, 0, 16, 19]
------------
------------
[1, 21, 0, 8, 13]
[15, 22, 12, 7, 10]
[14, 11, 9, 2, 4]
[23, 3, 20, 17, 5]
[6, 24, 18, 16, 19]
------------
------------
[1, 21, 12, 8, 13]
[15, 22, 9, 7, 10]
[14, 11, 0, 2, 4]
[23, 3, 20, 17, 5]
[6, 24, 18, 16, 19]
------------
------------
[1, 21, 12, 8, 13]
[15, 0, 22, 7, 10]
[14, 11, 9, 2, 4]
[23, 3, 20, 17, 5]
[6, 24, 18, 16, 19]
------------
------------
[1, 21, 12, 8, 13]
[15, 22, 7, 0, 10]
[14, 11, 9, 2, 4]
[23, 3, 20, 17, 5]
[6, 24, 18, 16, 19]
------------
------------
[1, 21, 12, 8, 13]
[15, 22, 9, 7, 10]
[14, 11, 20, 2, 4]
[23, 3, 18, 17, 5]
[6, 24, 0, 16, 19]
------------
------------
[1, 21, 12, 8, 13]
[15, 22, 9, 7, 10]
[14, 11, 20, 2, 4]
[23, 3, 17, 0, 5]
[6, 24, 18, 16, 19]
------------
------------
[1, 21, 12, 8, 13]
[15, 0, 9, 7, 10]
[14, 22, 11, 2, 4]
[23, 3, 20, 17, 5]
[6, 24, 18, 16, 19]
------------
------------
[1, 21, 12, 8, 13]
[15, 22, 9, 7, 10]
[14, 3, 11, 2, 4]
[23, 0, 20, 17, 5]
[6, 24, 18, 16, 19]
------------
------------
[1, 21, 12, 8, 13]
[15, 22, 9, 7, 10]
[0, 14, 11, 2, 4]
[23, 3, 20, 17, 5]
[6, 24, 18, 16, 19]
------------
------------
[1, 21, 12, 8, 13]
[15, 22, 9, 0, 10]
[14, 11, 2, 7, 4]
[23, 3, 20, 17, 5]
[6, 24, 18, 16, 19]
------------
------------
[1, 21, 12, 8, 13]
[15, 22, 9, 7, 10]
[14, 11, 2, 17, 4]
[23, 3, 20, 0, 5]
[6, 24, 18, 16, 19]
------------
------------
[1, 21, 12, 8, 13]
[15, 22, 9, 7, 10]
[14, 11, 2, 4, 0]
[23, 3, 20, 17, 5]
[6, 24, 18, 16, 19]
------------
------------
[1, 21, 12, 8, 13]
[15, 22, 9, 7, 10]
[14, 11, 20, 2, 4]
[23, 0, 18, 17, 5]
[6, 3, 24, 16, 19]
------------
------------
[1, 21, 12, 8, 13]
[15, 22, 9, 7, 10]
[14, 11, 20, 2, 4]
[23, 3, 18, 17, 5]
[0, 6, 24, 16, 19]
------------
------------
[1, 21, 12, 8, 13]
[15, 22, 9, 7, 10]
[14, 11, 20, 2, 4]
[23, 3, 18, 0, 5]
[6, 24, 16, 17, 19]
------------
------------
[1, 21, 12, 8, 13]
[15, 22, 9, 7, 10]
[14, 11, 20, 2, 4]
[23, 3, 18, 17, 5]
[6, 24, 16, 19, 0]
------------
------------
[1, 21, 12, 8, 13]
[15, 22, 9, 0, 10]
[14, 11, 20, 7, 4]
[23, 3, 17, 2, 5]
[6, 24, 18, 16, 19]
------------
------------
[1, 21, 12, 8, 13]
[15, 22, 9, 7, 10]
[14, 11, 0, 20, 4]
[23, 3, 17, 2, 5]
[6, 24, 18, 16, 19]
------------
------------
[1, 21, 12, 8, 13]
[15, 22, 9, 7, 10]
[14, 11, 20, 4, 0]
[23, 3, 17, 2, 5]
[6, 24, 18, 16, 19]
------------
------------
[1, 21, 12, 8, 13]
[15, 22, 9, 7, 10]
[14, 11, 20, 2, 4]
[23, 3, 17, 16, 5]
[6, 24, 0, 18, 19]
------------
------------
[1, 21, 12, 8, 13]
[15, 22, 9, 7, 10]
[14, 11, 20, 2, 4]
[23, 3, 17, 16, 5]
[6, 24, 18, 19, 0]
------------
------------
[1, 21, 12, 8, 13]
[15, 22, 9, 7, 10]
[14, 11, 20, 2, 0]
[23, 3, 17, 5, 4]
[6, 24, 18, 16, 19]
------------
------------
[1, 21, 12, 8, 13]
[15, 22, 9, 7, 10]
[14, 11, 20, 2, 4]
[23, 3, 17, 5, 19]
[6, 24, 18, 16, 0]
------------
------------
[1, 0, 12, 8, 13]
[15, 21, 9, 7, 10]
[14, 22, 20, 2, 4]
[23, 11, 3, 17, 5]
[6, 24, 18, 16, 19]
------------
------------
[1, 21, 12, 8, 13]
[15, 22, 9, 7, 10]
[14, 0, 20, 2, 4]
[23, 11, 3, 17, 5]
[6, 24, 18, 16, 19]
------------
------------
[1, 21, 12, 8, 13]
[0, 15, 9, 7, 10]
[14, 22, 20, 2, 4]
[23, 11, 3, 17, 5]
[6, 24, 18, 16, 19]
------------
------------
[1, 21, 12, 8, 13]
[15, 9, 0, 7, 10]
[14, 22, 20, 2, 4]
[23, 11, 3, 17, 5]
[6, 24, 18, 16, 19]
------------
------------
[15, 1, 12, 8, 13]
[0, 21, 9, 7, 10]
[14, 22, 20, 2, 4]
[23, 11, 3, 17, 5]
[6, 24, 18, 16, 19]
------------
------------
[1, 12, 9, 8, 13]
[15, 21, 0, 7, 10]
[14, 22, 20, 2, 4]
[23, 11, 3, 17, 5]
[6, 24, 18, 16, 19]
------------
------------
[1, 12, 8, 0, 13]
[15, 21, 9, 7, 10]
[14, 22, 20, 2, 4]
[23, 11, 3, 17, 5]
[6, 24, 18, 16, 19]
------------
------------
[1, 21, 12, 8, 13]
[0, 22, 9, 7, 10]
[15, 14, 20, 2, 4]
[23, 11, 3, 17, 5]
[6, 24, 18, 16, 19]
------------
------------
[1, 21, 12, 8, 13]
[15, 22, 9, 7, 10]
[23, 14, 20, 2, 4]
[0, 11, 3, 17, 5]
[6, 24, 18, 16, 19]
------------
------------
[1, 21, 12, 8, 13]
[15, 22, 0, 7, 10]
[14, 20, 9, 2, 4]
[23, 11, 3, 17, 5]
[6, 24, 18, 16, 19]
------------
------------
[1, 21, 12, 8, 13]
[15, 22, 9, 7, 10]
[14, 20, 3, 2, 4]
[23, 11, 0, 17, 5]
[6, 24, 18, 16, 19]
------------
------------
[1, 21, 12, 8, 13]
[15, 22, 9, 7, 10]
[14, 20, 2, 0, 4]
[23, 11, 3, 17, 5]
[6, 24, 18, 16, 19]
------------
------------
[21, 0, 12, 8, 13]
[1, 15, 9, 7, 10]
[14, 22, 20, 2, 4]
[23, 11, 3, 17, 5]
[6, 24, 18, 16, 19]
------------
------------
[1, 21, 12, 8, 13]
[14, 15, 9, 7, 10]
[23, 22, 20, 2, 4]
[0, 11, 3, 17, 5]
[6, 24, 18, 16, 19]
------------
------------
[1, 21, 12, 8, 13]
[14, 15, 9, 7, 10]
[22, 0, 20, 2, 4]
[23, 11, 3, 17, 5]
[6, 24, 18, 16, 19]
------------
------------
[1, 0, 21, 8, 13]
[15, 9, 12, 7, 10]
[14, 22, 20, 2, 4]
[23, 11, 3, 17, 5]
[6, 24, 18, 16, 19]
------------
------------
[1, 21, 8, 0, 13]
[15, 9, 12, 7, 10]
[14, 22, 20, 2, 4]
[23, 11, 3, 17, 5]
[6, 24, 18, 16, 19]
------------
------------
[1, 21, 12, 8, 13]
[15, 9, 20, 7, 10]
[14, 22, 3, 2, 4]
[23, 11, 0, 17, 5]
[6, 24, 18, 16, 19]
------------
------------
[1, 21, 12, 8, 13]
[15, 9, 20, 7, 10]
[14, 0, 22, 2, 4]
[23, 11, 3, 17, 5]
[6, 24, 18, 16, 19]
------------
------------
[1, 21, 12, 8, 13]
[15, 9, 20, 7, 10]
[14, 22, 2, 0, 4]
[23, 11, 3, 17, 5]
[6, 24, 18, 16, 19]
------------
------------
[1, 21, 12, 0, 13]
[15, 9, 7, 8, 10]
[14, 22, 20, 2, 4]
[23, 11, 3, 17, 5]
[6, 24, 18, 16, 19]
------------
------------
[1, 21, 12, 8, 13]
[15, 9, 7, 2, 10]
[14, 22, 20, 0, 4]
[23, 11, 3, 17, 5]
[6, 24, 18, 16, 19]
------------
------------
[1, 21, 12, 8, 13]
[15, 9, 7, 10, 0]
[14, 22, 20, 2, 4]
[23, 11, 3, 17, 5]
[6, 24, 18, 16, 19]
------------
------------
[21, 0, 12, 8, 13]
[1, 22, 9, 7, 10]
[15, 14, 20, 2, 4]
[23, 11, 3, 17, 5]
[6, 24, 18, 16, 19]
------------
------------
[1, 0, 12, 8, 13]
[22, 21, 9, 7, 10]
[15, 14, 20, 2, 4]
[23, 11, 3, 17, 5]
[6, 24, 18, 16, 19]
------------
------------
[1, 21, 12, 8, 13]
[22, 14, 9, 7, 10]
[15, 0, 20, 2, 4]
[23, 11, 3, 17, 5]
[6, 24, 18, 16, 19]
------------
------------
[1, 21, 12, 8, 13]
[22, 9, 0, 7, 10]
[15, 14, 20, 2, 4]
[23, 11, 3, 17, 5]
[6, 24, 18, 16, 19]
------------
------------
[1, 21, 12, 8, 13]
[15, 22, 9, 7, 10]
[23, 14, 20, 2, 4]
[6, 11, 3, 17, 5]
[24, 0, 18, 16, 19]
------------
------------
[1, 21, 12, 8, 13]
[15, 22, 9, 7, 10]
[23, 0, 20, 2, 4]
[11, 14, 3, 17, 5]
[6, 24, 18, 16, 19]
------------
------------
[1, 21, 12, 8, 13]
[15, 22, 9, 7, 10]
[23, 14, 20, 2, 4]
[11, 24, 3, 17, 5]
[6, 0, 18, 16, 19]
------------
------------
[1, 21, 12, 8, 13]
[15, 22, 9, 7, 10]
[23, 14, 20, 2, 4]
[11, 3, 0, 17, 5]
[6, 24, 18, 16, 19]
------------
------------
[1, 0, 21, 8, 13]
[15, 22, 12, 7, 10]
[14, 20, 9, 2, 4]
[23, 11, 3, 17, 5]
[6, 24, 18, 16, 19]
------------
------------
[1, 21, 8, 0, 13]
[15, 22, 12, 7, 10]
[14, 20, 9, 2, 4]
[23, 11, 3, 17, 5]
[6, 24, 18, 16, 19]
------------
------------
[1, 0, 12, 8, 13]
[15, 21, 22, 7, 10]
[14, 20, 9, 2, 4]
[23, 11, 3, 17, 5]
[6, 24, 18, 16, 19]
------------
------------
[1, 21, 12, 8, 13]
[15, 20, 22, 7, 10]
[14, 0, 9, 2, 4]
[23, 11, 3, 17, 5]
[6, 24, 18, 16, 19]
------------
------------
[1, 21, 12, 8, 13]
[0, 15, 22, 7, 10]
[14, 20, 9, 2, 4]
[23, 11, 3, 17, 5]
[6, 24, 18, 16, 19]
------------
------------
[1, 21, 12, 0, 13]
[15, 22, 7, 8, 10]
[14, 20, 9, 2, 4]
[23, 11, 3, 17, 5]
[6, 24, 18, 16, 19]
------------
------------
[1, 21, 12, 8, 13]
[15, 22, 7, 2, 10]
[14, 20, 9, 0, 4]
[23, 11, 3, 17, 5]
[6, 24, 18, 16, 19]
------------
------------
[1, 21, 12, 8, 13]
[15, 22, 7, 10, 0]
[14, 20, 9, 2, 4]
[23, 11, 3, 17, 5]
[6, 24, 18, 16, 19]
------------
------------
[1, 21, 12, 8, 13]
[15, 22, 9, 7, 10]
[14, 20, 3, 2, 4]
[23, 11, 18, 17, 5]
[6, 0, 24, 16, 19]
------------
------------
[1, 21, 12, 8, 13]
[15, 22, 9, 7, 10]
[14, 20, 3, 2, 4]
[23, 11, 18, 17, 5]
[6, 24, 16, 0, 19]
------------
------------
[1, 21, 12, 8, 13]
[15, 22, 9, 7, 10]
[14, 0, 3, 2, 4]
[23, 20, 11, 17, 5]
[6, 24, 18, 16, 19]
------------
------------
[1, 21, 12, 8, 13]
[15, 22, 9, 7, 10]
[14, 20, 3, 2, 4]
[23, 24, 11, 17, 5]
[6, 0, 18, 16, 19]
------------
------------
[1, 21, 12, 8, 13]
[15, 22, 9, 7, 10]
[14, 20, 3, 2, 4]
[0, 23, 11, 17, 5]
[6, 24, 18, 16, 19]
------------
------------
[1, 21, 12, 8, 13]
[15, 22, 9, 7, 10]
[14, 20, 3, 0, 4]
[23, 11, 17, 2, 5]
[6, 24, 18, 16, 19]
------------
------------
[1, 21, 12, 8, 13]
[15, 22, 9, 7, 10]
[14, 20, 3, 2, 4]
[23, 11, 17, 16, 5]
[6, 24, 18, 0, 19]
------------
------------
[1, 21, 12, 8, 13]
[15, 22, 9, 7, 10]
[14, 20, 3, 2, 4]
[23, 11, 17, 5, 0]
[6, 24, 18, 16, 19]
------------
------------
[1, 21, 12, 0, 13]
[15, 22, 9, 8, 10]
[14, 20, 2, 7, 4]
[23, 11, 3, 17, 5]
[6, 24, 18, 16, 19]
------------
------------
[1, 21, 12, 8, 13]
[15, 22, 0, 9, 10]
[14, 20, 2, 7, 4]
[23, 11, 3, 17, 5]
[6, 24, 18, 16, 19]
------------
------------
[1, 21, 12, 8, 13]
[15, 22, 9, 10, 0]
[14, 20, 2, 7, 4]
[23, 11, 3, 17, 5]
[6, 24, 18, 16, 19]
------------
------------
[1, 21, 12, 8, 13]
[15, 22, 9, 7, 10]
[14, 20, 2, 17, 4]
[23, 11, 3, 16, 5]
[6, 24, 18, 0, 19]
------------
------------
[1, 21, 12, 8, 13]
[15, 22, 9, 7, 10]
[14, 20, 2, 17, 4]
[23, 11, 0, 3, 5]
[6, 24, 18, 16, 19]
------------
------------
[1, 21, 12, 8, 13]
[15, 22, 9, 7, 10]
[14, 20, 2, 17, 4]
[23, 11, 3, 5, 0]
[6, 24, 18, 16, 19]
------------
------------
[1, 21, 12, 8, 13]
[15, 22, 9, 7, 0]
[14, 20, 2, 4, 10]
[23, 11, 3, 17, 5]
[6, 24, 18, 16, 19]
------------
------------
[1, 21, 12, 8, 13]
[15, 22, 9, 7, 10]
[14, 20, 2, 4, 5]
[23, 11, 3, 17, 0]
[6, 24, 18, 16, 19]
------------
------------
[1, 21, 12, 8, 13]
[0, 22, 9, 7, 10]
[15, 11, 20, 2, 4]
[14, 24, 3, 17, 5]
[23, 6, 18, 16, 19]
------------
------------
[1, 21, 12, 8, 13]
[15, 22, 9, 7, 10]
[14, 11, 20, 2, 4]
[0, 24, 3, 17, 5]
[23, 6, 18, 16, 19]
------------
------------
[1, 21, 12, 8, 13]
[15, 22, 9, 7, 10]
[11, 0, 20, 2, 4]
[14, 24, 3, 17, 5]
[23, 6, 18, 16, 19]
------------
------------
[1, 21, 12, 8, 13]
[15, 22, 9, 7, 10]
[14, 11, 20, 2, 4]
[23, 24, 3, 17, 5]
[6, 0, 18, 16, 19]
------------
------------
[1, 21, 12, 8, 13]
[15, 22, 9, 7, 10]
[14, 0, 20, 2, 4]
[24, 11, 3, 17, 5]
[23, 6, 18, 16, 19]
------------
------------
[1, 21, 12, 8, 13]
[15, 22, 9, 7, 10]
[14, 11, 20, 2, 4]
[24, 6, 3, 17, 5]
[23, 0, 18, 16, 19]
------------
------------
[1, 21, 12, 8, 13]
[15, 22, 9, 7, 10]
[14, 11, 20, 2, 4]
[24, 3, 0, 17, 5]
[23, 6, 18, 16, 19]
------------
------------
[1, 21, 12, 8, 13]
[15, 22, 9, 7, 10]
[14, 11, 20, 2, 4]
[23, 24, 0, 17, 5]
[6, 18, 3, 16, 19]
------------
------------
[1, 21, 12, 8, 13]
[15, 22, 9, 7, 10]
[14, 11, 20, 2, 4]
[23, 24, 3, 17, 5]
[6, 18, 16, 0, 19]
------------
------------
[1, 21, 12, 8, 13]
[15, 22, 0, 7, 10]
[14, 11, 9, 2, 4]
[23, 24, 20, 17, 5]
[6, 18, 3, 16, 19]
------------
------------
[1, 21, 12, 8, 13]
[15, 22, 9, 7, 10]
[14, 0, 11, 2, 4]
[23, 24, 20, 17, 5]
[6, 18, 3, 16, 19]
------------
------------
[1, 21, 12, 8, 13]
[15, 22, 9, 7, 10]
[14, 11, 2, 0, 4]
[23, 24, 20, 17, 5]
[6, 18, 3, 16, 19]
------------
------------
[1, 21, 12, 8, 13]
[15, 22, 9, 7, 10]
[14, 0, 20, 2, 4]
[23, 11, 24, 17, 5]
[6, 18, 3, 16, 19]
------------
------------
[1, 21, 12, 8, 13]
[15, 22, 9, 7, 10]
[14, 11, 20, 2, 4]
[23, 18, 24, 17, 5]
[6, 0, 3, 16, 19]
------------
------------
[1, 21, 12, 8, 13]
[15, 22, 9, 7, 10]
[14, 11, 20, 2, 4]
[0, 23, 24, 17, 5]
[6, 18, 3, 16, 19]
------------
------------
[1, 21, 12, 8, 13]
[15, 22, 9, 7, 10]
[14, 11, 20, 0, 4]
[23, 24, 17, 2, 5]
[6, 18, 3, 16, 19]
------------
------------
[1, 21, 12, 8, 13]
[15, 22, 9, 7, 10]
[14, 11, 20, 2, 4]
[23, 24, 17, 16, 5]
[6, 18, 3, 0, 19]
------------
------------
[1, 21, 12, 8, 13]
[15, 22, 9, 7, 10]
[14, 11, 20, 2, 4]
[23, 24, 17, 5, 0]
[6, 18, 3, 16, 19]
------------
------------
[1, 21, 12, 8, 13]
[15, 22, 9, 7, 10]
[14, 11, 20, 0, 4]
[23, 24, 3, 2, 5]
[6, 18, 16, 17, 19]
------------
------------
[1, 21, 12, 8, 13]
[15, 22, 9, 7, 10]
[14, 11, 20, 2, 4]
[23, 24, 0, 3, 5]
[6, 18, 16, 17, 19]
------------
------------
[1, 21, 12, 8, 13]
[15, 22, 9, 7, 10]
[14, 11, 20, 2, 4]
[23, 24, 3, 5, 0]
[6, 18, 16, 17, 19]
------------
------------
[1, 21, 12, 8, 13]
[15, 22, 9, 7, 10]
[14, 11, 20, 2, 4]
[23, 24, 3, 17, 0]
[6, 18, 16, 19, 5]
------------
------------
[1, 21, 12, 8, 13]
[0, 22, 9, 7, 10]
[15, 11, 20, 2, 4]
[14, 23, 3, 17, 5]
[6, 24, 18, 16, 19]
------------
------------
[21, 0, 12, 8, 13]
[1, 22, 9, 7, 10]
[15, 11, 20, 2, 4]
[14, 23, 3, 17, 5]
[6, 24, 18, 16, 19]
------------
------------
[1, 21, 12, 8, 13]
[15, 22, 9, 7, 10]
[14, 11, 20, 2, 4]
[0, 23, 3, 17, 5]
[6, 24, 18, 16, 19]
------------
------------
[1, 21, 12, 8, 13]
[15, 22, 9, 7, 10]
[11, 0, 20, 2, 4]
[14, 23, 3, 17, 5]
[6, 24, 18, 16, 19]
------------
------------
[1, 0, 12, 8, 13]
[22, 21, 9, 7, 10]
[15, 11, 20, 2, 4]
[14, 23, 3, 17, 5]
[6, 24, 18, 16, 19]
------------
------------
[1, 21, 12, 8, 13]
[22, 11, 9, 7, 10]
[15, 0, 20, 2, 4]
[14, 23, 3, 17, 5]
[6, 24, 18, 16, 19]
------------
------------
[1, 21, 12, 8, 13]
[22, 9, 0, 7, 10]
[15, 11, 20, 2, 4]
[14, 23, 3, 17, 5]
[6, 24, 18, 16, 19]
------------
------------
[1, 21, 12, 8, 13]
[15, 22, 9, 7, 10]
[14, 11, 20, 2, 4]
[6, 23, 3, 17, 5]
[24, 0, 18, 16, 19]
------------
------------
[1, 0, 12, 8, 13]
[15, 21, 9, 7, 10]
[11, 22, 20, 2, 4]
[14, 23, 3, 17, 5]
[6, 24, 18, 16, 19]
------------
------------
[1, 21, 12, 8, 13]
[0, 15, 9, 7, 10]
[11, 22, 20, 2, 4]
[14, 23, 3, 17, 5]
[6, 24, 18, 16, 19]
------------
------------
[1, 21, 12, 8, 13]
[15, 9, 0, 7, 10]
[11, 22, 20, 2, 4]
[14, 23, 3, 17, 5]
[6, 24, 18, 16, 19]
------------
------------
[1, 21, 12, 8, 13]
[15, 22, 9, 7, 10]
[11, 23, 20, 2, 4]
[14, 24, 3, 17, 5]
[6, 0, 18, 16, 19]
------------
------------
[1, 21, 12, 8, 13]
[15, 22, 9, 7, 10]
[11, 23, 20, 2, 4]
[0, 14, 3, 17, 5]
[6, 24, 18, 16, 19]
------------
------------
[1, 21, 12, 8, 13]
[15, 22, 9, 7, 10]
[11, 23, 20, 2, 4]
[14, 3, 0, 17, 5]
[6, 24, 18, 16, 19]
------------
------------
[1, 21, 12, 8, 13]
[15, 22, 0, 7, 10]
[11, 20, 9, 2, 4]
[14, 23, 3, 17, 5]
[6, 24, 18, 16, 19]
------------
------------
[1, 21, 12, 8, 13]
[15, 22, 9, 7, 10]
[11, 20, 3, 2, 4]
[14, 23, 0, 17, 5]
[6, 24, 18, 16, 19]
------------
------------
[1, 21, 12, 8, 13]
[15, 22, 9, 7, 10]
[11, 20, 2, 0, 4]
[14, 23, 3, 17, 5]
[6, 24, 18, 16, 19]
------------
------------
[1, 21, 12, 8, 13]
[15, 22, 9, 7, 10]
[14, 0, 20, 2, 4]
[6, 11, 3, 17, 5]
[24, 23, 18, 16, 19]
------------
